Test-error breakdown, dataset 100k (RMSE in dB)

Model             | RMSE  | Low 5% f | Interior | High 5% f | At peaks | Off peaks | Close f_t | Rest  | Near edge | Rest 
------------------+-------+----------+----------+-----------+----------+-----------+-----------+-------+-----------+------
DCO               | 3.676 | 0.354    | 3.758    | 3.976     | 7.602    | 3.534     | 3.916     | 3.648 | 3.496     | 3.695
DCO_sorted_phys   | 2.702 | 0.226    | 2.759    | 2.987     | 6.697    | 2.537     | 3.106     | 2.653 | 2.536     | 2.719
DNO               | 2.690 | 0.245    | 2.754    | 2.837     | 11.740   | 2.058     | 2.814     | 2.676 | 2.583     | 2.701
DNO_sorted_phys   | 2.921 | 0.302    | 2.989    | 3.125     | 6.784    | 2.770     | 3.312     | 2.875 | 2.698     | 2.945
DON               | 5.213 | 0.534    | 5.394    | 4.401     | 20.387   | 4.272     | 5.200     | 5.214 | 4.911     | 5.245
DON_sorted_phys   | 6.428 | 0.968    | 6.646    | 5.481     | 12.924   | 6.199     | 6.453     | 6.425 | 6.050     | 6.468
FNO               | 3.110 | 0.935    | 3.152    | 3.709     | 13.666   | 2.367     | 3.255     | 3.094 | 2.949     | 3.128
FNO_sorted_phys   | 3.447 | 1.744    | 3.522    | 3.362     | 7.959    | 3.271     | 3.775     | 3.408 | 3.158     | 3.478
GNO               | 4.406 | 0.530    | 4.513    | 4.627     | 7.863    | 4.294     | 4.620     | 4.382 | 4.098     | 4.439
GNO_phys          | 3.840 | 0.448    | 3.908    | 4.448     | 6.569    | 3.754     | 4.120     | 3.807 | 3.556     | 3.870
LNO               | 2.857 | 0.373    | 2.929    | 2.946     | 12.484   | 2.184     | 2.993     | 2.842 | 2.710     | 2.873
LNO_sorted_phys   | 3.180 | 0.503    | 3.273    | 3.030     | 7.150    | 3.028     | 3.552     | 3.136 | 2.872     | 3.213
NN_perm           | 8.532 | 7.650    | 8.286    | 12.712    | 15.659   | 8.296     | 8.560     | 8.528 | 8.414     | 8.545
SIREN             | 2.984 | 0.431    | 3.052    | 3.189     | 12.782   | 2.314     | 3.097     | 2.971 | 2.880     | 2.995
SIREN_sorted_phys | 3.117 | 0.614    | 3.187    | 3.333     | 6.960    | 2.971     | 3.439     | 3.079 | 2.962     | 3.134
STO               | 2.940 | 0.416    | 3.016    | 2.991     | 13.392   | 2.172     | 3.131     | 2.918 | 2.757     | 2.959
STO_phys          | 3.862 | 0.593    | 3.941    | 4.274     | 7.031    | 3.757     | 4.119     | 3.832 | 3.606     | 3.889
WNO               | 3.296 | 1.875    | 3.333    | 3.723     | 14.340   | 2.528     | 3.416     | 3.283 | 3.214     | 3.305
WNO_sorted_phys   | 3.460 | 1.920    | 3.510    | 3.727     | 9.054    | 3.219     | 3.729     | 3.429 | 3.268     | 3.480
