Test-error breakdown, dataset 100k (RMSE in dB)

Model | RMSE  | Low 5% f | Interior | High 5% f | At peaks | Off peaks | Close f_t | Rest  | Near edge | Rest 
------+-------+----------+----------+-----------+----------+-----------+-----------+-------+-----------+------
DCO   | 3.676 | 0.354    | 3.758    | 3.976     | 7.602    | 3.534     | 3.916     | 3.648 | 3.496     | 3.695
DNO   | 2.690 | 0.245    | 2.754    | 2.837     | 11.740   | 2.058     | 2.814     | 2.676 | 2.583     | 2.701
DON   | 5.213 | 0.534    | 5.394    | 4.401     | 20.387   | 4.272     | 5.200     | 5.214 | 4.911     | 5.245
FNO   | 3.110 | 0.935    | 3.152    | 3.709     | 13.666   | 2.367     | 3.255     | 3.094 | 2.949     | 3.128
GNO   | 4.406 | 0.530    | 4.513    | 4.627     | 7.863    | 4.294     | 4.620     | 4.382 | 4.098     | 4.439
LNO   | 2.857 | 0.373    | 2.929    | 2.946     | 12.484   | 2.184     | 2.993     | 2.842 | 2.710     | 2.873
SIREN | 2.984 | 0.431    | 3.052    | 3.189     | 12.782   | 2.314     | 3.097     | 2.971 | 2.880     | 2.995
STO   | 2.940 | 0.416    | 3.016    | 2.991     | 13.392   | 2.172     | 3.131     | 2.918 | 2.757     | 2.959
WNO   | 3.296 | 1.875    | 3.333    | 3.723     | 14.340   | 2.528     | 3.416     | 3.283 | 3.214     | 3.305
